%YAML:1.0
positionx: 1.2769624590873718e-001
positiony: -9.6120633184909821e-002
positionz: 0.
lookatx: 9.8573304712772369e-002
lookaty: 3.9290498942136765e-002
lookatz: 8.0231744050979614e-001
camupx: 4.6701367944478989e-002
camupy: 8.1369668245315552e-001
camupz: -1.3563646376132965e-001
camFOV: 3.7465232610702515e-001
